127 7.6022 0.299466
125 8.06583 0.316051
137.5 5.56574 0.224753
150 3.83231 0.158551
162.5 2.95019 0.126269
175 2.26794 0.100467
187.5 1.74135 0.0798358
200 1.33561 0.0633617
212.5 1.06616 0.0521866
225 0.860597 0.0433927
237.5 0.701729 0.036393
250 0.577313 0.0307559
262.5 0.478861 0.0261745
275 0.400107 0.0224153
287.5 0.336574 0.0193075
300 0.284857 0.0167224
312.5 0.242424 0.0145478
325 0.20736 0.0127226
337.5 0.178216 0.0111771
350 0.153835 0.00985996
362.5 0.133337 0.00873171
375 0.116006 0.00775987
387.5 0.101291 0.00691918
400 0.0887434 0.00618802
412.5 0.0779683 0.00553927
425 0.0686963 0.00497039
437.5 0.060689 0.00446998
450 0.0537508 0.00402849
462.5 0.0477247 0.00363823
475 0.0424699 0.00329204
487.5 0.0378746 0.00298414
500 0.0338454 0.00270965
512.5 0.030306 0.00246456
525 0.0271867 0.00224508
537.5 0.0244312 0.00204814
550 0.0219917 0.00187108
562.5 0.019829 0.0017117
575 0.0179062 0.00156788
587.5 0.0161935 0.00143789
600 0.0146602 0.00132326
612.5 0.0132895 0.00121058
625 0.012062 0.00110921
637.5 0.0109612 0.00101783
650 0.00997229 0.0009353
662.5 0.00908332 0.00086066
675 0.00828246 0.000792992
687.5 0.00756002 0.000731541
700 0.00690746 0.000675644
712.5 0.00631765 0.000624746
725 0.00578355 0.000578306
737.5 0.00529934 0.000535867
750 0.00485987 0.000497025
762.5 0.0044608 0.000461456
775 0.00409781 0.000428821
787.5 0.00376731 0.000398839
800 0.00343578 0.000365056
812.5 0.00317498 0.000340678
825 0.0029337 0.000317876
837.5 0.00271051 0.000296551
850 0.00250407 0.000276633
862.5 0.00231325 0.000258054
875 0.00213679 0.000240679
887.5 0.00197362 0.000224432
900 0.00182277 0.000209245
912.5 0.00168338 0.000195057
925 0.00155453 0.000181801
937.5 0.00143544 0.000169417
950 0.00132537 0.00015785
962.5 0.0012237 0.000147055
975 0.00112975 0.000136976
987.5 0.00104295 0.000127568
1000 0.000972953 0.000115649
1012.5 0.000904386 0.00010876
1025 0.000840602 0.000102263
1037.5 0.000781272 9.62299e-05
1050 0.000726089 9.05373e-05
1062.5 0.00067479 8.51645e-05
1075 0.000627083 8.00932e-05
1087.5 0.000582717 7.53079e-05
1100 0.000541462 7.07938e-05
1112.5 0.00050312 6.65385e-05
